Полигон 1
301  223
301  224
301  225
301  226
302  227
302  228
302  229
303  230
303  231
303  232
304  233
304  234
304  235
304  236
305  237
305  238
305  239
306  240
306  241
306  242
307  243
307  244
307  245
307  246
308  247
308  248
308  249
309  250
309  251
309  252
310  253
310  254
310  255
310  256
311  257
311  258
311  258
312  259
312  260
312  261
313  262
313  263
313  264
313  265
314  266
314  267
314  268
315  269
315  270
315  271
316  272
316  273
316  274
316  275
317  276
317  277
317  278
318  279
318  282
317  283
316  284
315  285
314  286
313  286
312  287
312  288
311  289
310  290
309  291
308  292
307  293
306  294
305  295
304  296
Полигон 2
301  223
301  224
301  225
301  226
302  227
302  228
302  229
303  230
303  231
303  232
304  233
304  234
304  235
304  236
305  237
305  238
305  239
306  240
306  241
306  242
307  243
307  244
307  245
307  246
308  247
308  248
308  249
309  250
309  251
309  252
310  253
310  254
310  255
310  256
311  257
311  258
311  258
312  259
312  260
312  261
313  262
313  263
313  264
313  265
314  266
314  267
314  268
315  269
315  270
315  271
316  272
316  273
316  274
316  275
317  276
317  277
317  278
318  279
318  282
317  283
316  284
315  285
314  286
313  286
312  287
312  288
311  289
310  290
309  291
308  292
307  293
306  294
305  295
304  296
303  297
302  298
301  299
300  300
300  298
300  298
300  297
300  296
300  295
300  294
300  293
300  292
300  291
300  290
300  289
300  288
300  287
300  286
300  285
300  284
300  283
300  282
300  281
300  280
300  279
300  278
300  277
300  276
300  275
300  274
300  273
300  272
300  271
300  270
300  269
300  268
300  267
300  266
300  265
300  264
300  263
300  262
300  261
300  260
300  259
300  258
300  257
300  256
300  255
300  254
300  253
300  252
300  251
300  250
300  249
300  248
300  247
300  246
300  245
300  244
300  243
300  242
300  241
300  240
300  239
300  238
300  237
300  236
300  235
300  234
300  233
300  232
300  231
300  230
300  229
300  228
301  227
301  226
301  225
301  224
301  223
301  222
335  284
335  285
336  286
336  287
337  288
338  289
338  290
339  291
339  292
340  293
340  294
341  295
342  296
342  297
343  298
343  299
344  300
344  301
345  302
345  303
346  304
347  305
347  306
348  307
348  308
349  309
349  310
350  311
351  312
351  313
352  314
352  315
353  316
353  317
Полигон 3
301  223
301  224
301  225
301  226
302  227
302  228
302  229
303  230
303  231
303  232
304  233
304  234
304  235
304  236
305  237
305  238
305  239
306  240
306  241
306  242
307  243
307  244
307  245
307  246
308  247
308  248
308  249
309  250
309  251
309  252
310  253
310  254
310  255
310  256
311  257
311  258
311  258
312  259
312  260
312  261
313  262
313  263
313  264
313  265
314  266
314  267
314  268
315  269
315  270
315  271
316  272
316  273
316  274
316  275
317  276
317  277
317  278
318  279
318  282
317  283
316  284
315  285
314  286
313  286
312  287
312  288
311  289
310  290
309  291
308  292
307  293
306  294
305  295
304  296
303  297
302  298
301  299
300  300
300  298
300  298
300  297
300  296
300  295
300  294
300  293
300  292
300  291
300  290
300  289
300  288
300  287
300  286
300  285
300  284
300  283
300  282
300  281
300  280
300  279
300  278
300  277
300  276
300  275
300  274
300  273
300  272
300  271
300  270
300  269
300  268
300  267
300  266
300  265
300  264
300  263
300  262
300  261
300  260
300  259
300  258
300  257
300  256
300  255
300  254
300  253
300  252
300  251
300  250
300  249
300  248
300  247
300  246
300  245
300  244
300  243
300  242
300  241
300  240
300  239
300  238
300  237
300  236
300  235
300  234
300  233
300  232
300  231
300  230
300  229
300  228
301  227
301  226
301  225
301  224
Полигон 4
301  223
301  224
301  225
301  226
302  227
302  228
302  229
303  230
303  231
303  232
304  233
304  234
304  235
304  236
305  237
305  238
305  239
306  240
306  241
306  242
307  243
307  244
307  245
307  246
308  247
308  248
308  249
309  250
309  251
309  252
310  253
310  254
310  255
310  256
311  257
311  258
311  258
312  259
312  260
312  261
313  262
313  263
313  264
313  265
314  266
314  267
314  268
315  269
315  270
315  271
316  272
316  273
316  274
316  275
317  276
317  277
317  278
318  279
318  282
317  283
316  284
315  285
314  286
313  286
312  287
312  288
311  289
310  290
309  291
308  292
307  293
306  294
305  295
304  296
Полигон 5
301  223
301  224
301  225
301  226
302  227
302  228
302  229
303  230
303  231
303  232
304  233
304  234
304  235
304  236
305  237
305  238
305  239
306  240
306  241
306  242
307  243
307  244
307  245
307  246
308  247
308  248
308  249
309  250
309  251
309  252
310  253
310  254
310  255
310  256
311  257
311  258
311  258
312  259
312  260
312  261
313  262
313  263
313  264
313  265
314  266
314  267
314  268
315  269
315  270
315  271
316  272
316  273
316  274
316  275
317  276
317  277
317  278
318  279
318  282
317  283
316  284
315  285
314  286
313  286
312  287
312  288
311  289
310  290
309  291
308  292
307  293
306  294
305  295
304  296
303  297
302  298
301  299
300  300
300  298
300  298
300  297
300  296
300  295
300  294
300  293
300  292
300  291
300  290
300  289
300  288
300  287
300  286
300  285
300  284
300  283
300  282
300  281
300  280
300  279
300  278
300  277
300  276
300  275
300  274
300  273
300  272
300  271
300  270
300  269
300  268
300  267
300  266
300  265
300  264
300  263
300  262
300  261
300  260
300  259
300  258
300  257
300  256
300  255
300  254
300  253
300  252
300  251
300  250
300  249
300  248
300  247
300  246
300  245
300  244
300  243
300  242
300  241
300  240
300  239
300  238
300  237
300  236
300  235
300  234
300  233
300  232
300  231
300  230
300  229
300  228
301  227
301  226
301  225
301  224
301  223
301  222
335  284
335  285
336  286
336  287
337  288
338  289
338  290
339  291
339  292
340  293
340  294
341  295
342  296
342  297
343  298
343  299
344  300
344  301
345  302
345  303
346  304
347  305
347  306
348  307
348  308
349  309
349  310
350  311
351  312
351  313
352  314
352  315
353  316
353  317
373  206
373  205
373  204
373  203
407  265
408  266
408  267
409  268
410  269
410  270
411  271
411  272
412  273
412  274
413  275
413  276
414  277
415  278
415  279
416  280
416  281
417  282
417  283
418  284
419  285
419  286
420  287
420  288
421  289
421  290
422  291
422  292
423  293
424  294
424  295
425  296
425  297
426  298
Полигон 6
301  223
301  224
301  225
301  226
302  227
302  228
302  229
303  230
303  231
303  232
304  233
304  234
304  235
304  236
305  237
305  238
305  239
306  240
306  241
306  242
307  243
307  244
307  245
307  246
308  247
308  248
308  249
309  250
309  251
309  252
310  253
310  254
310  255
310  256
311  257
311  258
311  258
312  259
312  260
312  261
313  262
313  263
313  264
313  265
314  266
314  267
314  268
315  269
315  270
315  271
316  272
316  273
316  274
316  275
317  276
317  277
317  278
318  279
318  282
317  283
316  284
315  285
314  286
313  286
312  287
312  288
311  289
310  290
309  291
308  292
307  293
306  294
305  295
304  296
303  297
302  298
301  299
300  300
300  298
300  298
300  297
300  296
300  295
300  294
300  293
300  292
300  291
300  290
300  289
300  288
300  287
300  286
300  285
300  284
300  283
300  282
300  281
300  280
300  279
300  278
300  277
300  276
300  275
300  274
300  273
300  272
300  271
300  270
300  269
300  268
300  267
300  266
300  265
300  264
300  263
300  262
300  261
300  260
300  259
300  258
300  257
300  256
300  255
300  254
300  253
300  252
300  251
300  250
300  249
300  248
300  247
300  246
300  245
300  244
300  243
300  242
300  241
300  240
300  239
300  238
300  237
300  236
300  235
300  234
300  233
300  232
300  231
300  230
300  229
300  228
301  227
301  226
301  225
301  224
301  223
301  222
335  284
335  285
336  286
336  287
337  288
338  289
338  290
339  291
339  292
340  293
340  294
341  295
342  296
342  297
343  298
343  299
344  300
344  301
345  302
345  303
346  304
347  305
347  306
348  307
348  308
349  309
349  310
350  311
351  312
351  313
352  314
352  315
353  316
353  317
373  206
373  205
373  204
373  203
Полигон 7
301  223
301  224
301  225
301  226
302  227
302  228
302  229
303  230
303  231
303  232
304  233
304  234
304  235
304  236
305  237
305  238
305  239
306  240
306  241
306  242
307  243
307  244
307  245
307  246
308  247
308  248
308  249
309  250
309  251
309  252
310  253
310  254
310  255
310  256
311  257
311  258
311  258
312  259
312  260
312  261
313  262
313  263
313  264
313  265
314  266
314  267
314  268
315  269
315  270
315  271
316  272
316  273
316  274
316  275
317  276
317  277
317  278
318  279
318  282
317  283
316  284
315  285
314  286
313  286
312  287
312  288
311  289
310  290
309  291
308  292
307  293
306  294
305  295
304  296
303  297
Полигон 8
301  223
301  224
301  225
301  226
302  227
302  228
302  229
303  230
303  231
303  232
304  233
304  234
304  235
304  236
305  237
305  238
305  239
306  240
306  241
306  242
307  243
307  244
307  245
307  246
308  247
308  248
308  249
309  250
309  251
309  252
310  253
310  254
310  255
310  256
311  257
311  258
311  258
312  259
312  260
312  261
313  262
313  263
313  264
313  265
314  266
314  267
314  268
315  269
315  270
315  271
316  272
316  273
316  274
316  275
317  276
317  277
317  278
318  279
318  282
317  283
316  284
315  285
314  286
313  286
312  287
312  288
311  289
310  290
309  291
308  292
307  293
306  294
305  295
304  296
303  297
302  298
301  299
300  300
300  298
300  298
300  297
300  296
300  295
300  294
300  293
300  292
300  291
300  290
300  289
300  288
300  287
300  286
300  285
300  284
300  283
300  282
300  281
300  280
300  279
300  278
300  277
300  276
300  275
300  274
300  273
300  272
300  271
300  270
300  269
300  268
300  267
300  266
300  265
300  264
300  263
300  262
300  261
300  260
300  259
300  258
300  257
300  256
300  255
300  254
300  253
300  252
300  251
300  250
300  249
300  248
300  247
300  246
300  245
300  244
300  243
300  242
300  241
300  240
300  239
300  238
300  237
300  236
300  235
300  234
300  233
300  232
300  231
300  230
300  229
300  228
301  227
301  226
301  225
301  224
301  223
301  222
335  284
335  285
336  286
336  287
337  288
338  289
338  290
339  291
339  292
340  293
340  294
341  295
342  296
342  297
343  298
343  299
344  300
344  301
345  302
345  303
346  304
347  305
347  306
348  307
348  308
349  309
349  310
350  311
351  312
351  313
352  314
352  315
353  316
353  317
Полигон 9
301  223
301  224
301  225
301  226
302  227
302  228
302  229
303  230
303  231
303  232
304  233
304  234
304  235
304  236
305  237
305  238
305  239
306  240
306  241
306  242
307  243
307  244
307  245
307  246
308  247
308  248
308  249
309  250
309  251
309  252
310  253
310  254
310  255
310  256
311  257
311  258
311  258
312  259
312  260
312  261
313  262
313  263
313  264
313  265
314  266
314  267
314  268
315  269
315  270
315  271
316  272
316  273
316  274
316  275
317  276
317  277
317  278
318  279
318  282
317  283
316  284
315  285
314  286
313  286
312  287
312  288
311  289
310  290
309  291
308  292
307  293
306  294
305  295
304  296
303  297
302  298
301  299
300  300
300  298
300  298
300  297
300  296
300  295
300  294
300  293
300  292
300  291
300  290
300  289
300  288
300  287
300  286
300  285
300  284
300  283
300  282
300  281
300  280
300  279
300  278
300  277
300  276
300  275
300  274
300  273
300  272
300  271
300  270
300  269
300  268
300  267
300  266
300  265
300  264
300  263
300  262
300  261
300  260
300  259
300  258
300  257
300  256
300  255
300  254
300  253
300  252
300  251
300  250
300  249
300  248
300  247
300  246
300  245
300  244
300  243
300  242
300  241
300  240
300  239
300  238
300  237
300  236
300  235
300  234
300  233
300  232
300  231
300  230
300  229
300  228
301  227
301  226
301  225
301  224
301  223
301  222
