33.292118 6.205950 0.480000
40.581055 3.658010 0.480000
37.431686 1.046453 0.480000
24.223869 -1.313728 0.480000
2.550668 -3.137861 0.480000
-24.973814 -4.205927 0.480000
-55.029709 -4.389104 0.480000
-83.991837 -3.665296 0.480000
-108.366943 -2.121806 0.480000
-125.215034 0.055197 0.480000
-132.503983 2.603137 0.480000
-129.354614 5.214693 0.480000
-116.146820 7.574874 0.480000
-94.473625 9.399006 0.480000
-66.949158 10.467073 0.480000
-36.893269 10.650251 0.480000
-7.931130 9.926446 0.480000
16.443987 8.382957 0.480000
33.292118 30.983692 0.480000
40.581055 28.435753 0.480000
37.431686 25.824196 0.480000
24.223869 23.464014 0.480000
2.550668 21.639881 0.480000
-24.973814 20.571815 0.480000
-55.029709 20.388638 0.480000
-83.991837 21.112446 0.480000
-108.366943 22.655935 0.480000
-125.215034 24.832939 0.480000
-132.503983 27.380878 0.480000
-129.354614 29.992435 0.480000
-116.146820 32.352615 0.480000
-94.473625 34.176750 0.480000
-66.949158 35.244816 0.480000
-36.893269 35.427994 0.480000
-7.931130 34.704189 0.480000
16.443987 33.160702 0.480000
33.292118 55.761433 0.480000
40.581055 53.213493 0.480000
37.431686 50.601936 0.480000
24.223869 48.241756 0.480000
2.550668 46.417625 0.480000
-24.973814 45.349556 0.480000
-55.029709 45.166382 0.480000
-83.991837 45.890190 0.480000
-108.366943 47.433678 0.480000
-125.215034 49.610683 0.480000
-132.503983 52.158623 0.480000
-129.354614 54.770180 0.480000
-116.146820 57.130360 0.480000
-94.473625 58.954491 0.480000
-66.949158 60.022560 0.480000
-36.893269 60.205738 0.480000
-7.931130 59.481930 0.480000
16.443987 57.938442 0.480000
33.292118 78.546791 0.480000
40.581055 75.998856 0.480000
37.431686 73.387299 0.480000
24.223869 71.027115 0.480000
2.550668 69.202980 0.480000
-24.973814 68.134918 0.480000
-55.029709 67.951736 0.480000
-83.991837 68.675545 0.480000
-108.366943 70.219040 0.480000
-125.215034 72.396042 0.480000
-132.503983 74.943977 0.480000
-129.354614 77.555534 0.480000
-116.146820 79.915718 0.480000
-94.473625 81.739853 0.480000
-66.949158 82.807915 0.480000
-36.893269 82.991096 0.480000
-7.931130 82.267288 0.480000
16.443987 80.723801 0.480000
33.292118 105.316917 0.480000
40.581055 102.768982 0.480000
37.431686 100.157425 0.480000
24.223869 97.797241 0.480000
2.550668 95.973106 0.480000
-24.973814 94.905045 0.480000
-55.029709 94.721863 0.480000
-83.991837 95.445671 0.480000
-108.366943 96.989166 0.480000
-125.215034 99.166168 0.480000
-132.503983 101.714104 0.480000
-129.354614 104.325661 0.480000
-116.146820 106.685844 0.480000
-94.473625 108.509979 0.480000
-66.949158 109.578041 0.480000
-36.893269 109.761223 0.480000
-7.931130 109.037415 0.480000
16.443987 107.493927 0.480000
33.292118 128.102280 0.480000
40.581055 125.554337 0.480000
37.431686 122.942780 0.480000
24.223869 120.582596 0.480000
2.550668 118.758461 0.480000
-24.973814 117.690399 0.480000
-55.029709 117.507217 0.480000
-83.991837 118.231026 0.480000
-108.366943 119.774521 0.480000
-125.215034 121.951523 0.480000
-132.503983 124.499458 0.480000
-129.354614 127.111015 0.480000
-116.146820 129.471191 0.480000
-94.473625 131.295334 0.480000
-66.949158 132.363403 0.480000
-36.893269 132.546570 0.480000
-7.931130 131.822769 0.480000
16.443987 130.279282 0.480000
-6.334674 4.668262 0.480000
-2.690205 3.394292 0.480000
18.166578 2.805907 0.480000
6.067890 0.643923 0.480000
-13.785306 -1.027028 0.480000
-38.998421 -2.005404 0.480000
-66.530365 -2.173198 0.480000
-64.976654 -0.267361 0.480000
-77.164200 0.504384 0.480000
-85.588249 1.592885 0.480000
-89.232719 2.866855 0.480000
-87.658043 4.172633 0.480000
-104.948044 5.347253 0.480000
-85.094864 7.018204 0.480000
-59.881767 7.996581 0.480000
-32.349815 8.164376 0.480000
-5.819776 7.501352 0.480000
-14.758740 5.756766 0.480000
-40.656509 1.276163 0.480000
26.636797 129.836426 0.480000
33.313652 127.502457 0.480000
30.428749 125.110207 0.480000
18.330059 122.948219 0.480000
-1.523137 121.277267 0.480000
-26.736250 120.298889 0.480000
-54.268196 120.131096 0.480000
-80.798233 120.794121 0.480000
-103.126442 122.208000 0.480000
-118.559715 124.202187 0.480000
-125.236565 126.536163 0.480000
-122.351669 128.928421 0.480000
-110.252998 131.090408 0.480000
-90.399818 132.761353 0.480000
-65.186722 133.739731 0.480000
-37.654766 133.907516 0.480000
-11.124725 133.244507 0.480000
11.203498 131.830627 0.480000
-45.961460 11.460723 0.480000
26.636797 10.293064 0.480000
33.313652 7.959088 0.480000
30.428749 5.566836 0.480000
18.330059 3.404852 0.480000
-1.523137 1.733901 0.480000
-26.736250 0.755525 0.480000
-54.268196 0.587731 0.480000
-80.798233 1.250757 0.480000
-103.126442 2.664632 0.480000
-118.559715 4.658822 0.480000
-125.236565 6.992798 0.480000
-122.351669 9.385049 0.480000
-110.252998 11.547033 0.480000
-90.399818 13.217984 0.480000
-65.186722 14.196362 0.480000
-37.654766 14.364157 0.480000
-11.124725 13.701132 0.480000
11.203498 12.287258 0.480000
26.636797 129.836426 0.480000
33.313652 127.502457 0.480000
30.428749 125.110207 0.480000
18.330059 122.948219 0.480000
-1.523137 121.277267 0.480000
-26.736250 120.298889 0.480000
-54.268196 120.131096 0.480000
-80.798233 120.794121 0.480000
-103.126442 122.208000 0.480000
-118.559715 124.202187 0.480000
-125.236565 126.536163 0.480000
-122.351669 128.928421 0.480000
-110.252998 131.090408 0.480000
-90.399818 132.761353 0.480000
-65.186722 133.739731 0.480000
-37.654766 133.907516 0.480000
-11.124725 133.244507 0.480000
11.203498 131.830627 0.480000
26.636797 129.836426 0.480000
33.313652 127.502457 0.480000
30.428749 125.110207 0.480000
18.330059 122.948219 0.480000
-1.523137 121.277267 0.480000
-26.736250 120.298889 0.480000
-54.268196 120.131096 0.480000
-80.798233 120.794121 0.480000
-103.126442 122.208000 0.480000
-118.559715 124.202187 0.480000
-125.236565 126.536163 0.480000
-122.351669 128.928421 0.480000
-110.252998 131.090408 0.480000
-90.399818 132.761353 0.480000
-65.186722 133.739731 0.480000
-37.654766 133.907516 0.480000
-11.124725 133.244507 0.480000
11.203498 131.830627 0.480000
26.636797 14.277843 0.480000
33.313652 11.943867 0.480000
30.428749 9.551615 0.480000
18.330059 7.389630 0.480000
-1.523137 5.718679 0.480000
-26.736250 4.740304 0.480000
-54.268196 4.572510 0.480000
-80.798233 5.235536 0.480000
-103.126442 6.649411 0.480000
-118.559715 8.643600 0.480000
-125.236565 10.977576 0.480000
-122.351669 13.369827 0.480000
-110.252998 15.531813 0.480000
-90.399818 17.202763 0.480000
-65.186722 18.181141 0.480000
-37.654766 18.348936 0.480000
-11.124725 17.685911 0.480000
11.203498 16.272038 0.480000
-116.146820 98.951660 0.480000
-94.473625 100.435677 0.480000
-95.100365 89.703339 0.480000
-116.146820 87.939590 0.480000
-94.473625 51.828644 0.480000
-116.146820 50.070938 0.480000
-94.473625 42.217430 0.480000
-116.146820 40.666035 0.480000
-101.420212 101.062622 0.480000
-123.093407 99.578606 0.480000
-123.093407 88.566536 0.480000
-102.046951 90.330284 0.480000
-108.366798 101.689568 0.480000
-130.039993 100.205551 0.480000
-130.039993 89.193481 0.480000
-108.993538 90.957230 0.480000
-116.410912 99.482933 0.480000
-139.904968 101.180862 0.480000
-135.802628 92.644287 0.480000
-113.108154 91.245560 0.480000
-121.647316 90.459526 0.480000
-145.795914 94.634132 0.480000
-140.756088 89.003868 0.480000
-117.453461 85.114929 0.480000
-124.963554 77.534729 0.480000
-150.826401 84.315628 0.480000
-145.358322 84.977936 0.480000
-120.403572 78.373711 0.480000
-130.845642 68.753822 0.480000
-151.113403 73.476891 0.480000
-142.866486 74.344742 0.480000
-123.426437 69.732811 0.480000
-129.318466 59.363846 0.480000
-148.135391 54.439816 0.480000
-145.433472 64.318810 0.480000
-127.239822 68.811020 0.480000
-121.877640 55.147079 0.480000
-140.694565 50.223049 0.480000
-137.992661 60.102039 0.480000
-119.799011 64.594254 0.480000
-114.687065 53.409782 0.480000
-133.998856 45.153530 0.480000
-130.279541 53.430508 0.480000
-111.635155 61.205521 0.480000
31.436840 130.022675 0.480000
38.555149 127.534386 0.480000
35.479504 124.983963 0.480000
22.580875 122.679031 0.480000
1.415029 120.897598 0.480000
-25.465122 119.854538 0.480000
-54.817429 119.675652 0.480000
-83.101570 120.382515 0.480000
-106.906067 121.889870 0.480000
-123.359756 124.015915 0.480000
-130.478073 126.504204 0.480000
-127.402435 129.054626 0.480000
-114.503815 131.359558 0.480000
-93.337990 133.140991 0.480000
-66.457848 134.184052 0.480000
-37.105545 134.362946 0.480000
-8.821400 133.656082 0.480000
14.983113 132.148727 0.480000
33.292118 82.531570 0.480000
40.581055 79.983635 0.480000
37.431686 77.372078 0.480000
24.223869 75.011894 0.480000
2.550668 73.187759 0.480000
-24.973814 72.119698 0.480000
-55.029709 71.936516 0.480000
-83.991837 72.660324 0.480000
-108.366943 74.203819 0.480000
-125.215034 76.380821 0.480000
-132.503983 78.928757 0.480000
-129.354614 81.540314 0.480000
-116.146820 83.900497 0.480000
-94.473625 85.724632 0.480000
-66.949158 86.792694 0.480000
-36.893269 86.975876 0.480000
-7.931130 86.252068 0.480000
16.443987 84.708580 0.480000
